[gd_resource type="Skin" format=3 uid="uid://c6nb8y80umycj"]

[resource]
resource_name = "Skin"
bind_count = 65
bind/0/name = &"root"
bind/0/bone = -1
bind/0/pose = Transform3D(1, 0, 0, 0, 0, -1, 0, 1, 0, 0, 0, 0)
bind/1/name = &"pelvis"
bind/1/bone = -1
bind/1/pose = Transform3D(1, 0, 0, 0, 0.97032803, 0.24179205, 0, -0.24179195, 0.97032803, 0, -0.89310175, 0.26964575)
bind/2/name = &"spine_01"
bind/2/bone = -1
bind/2/pose = Transform3D(1, 1.15999965e-05, -9.9324905e-05, 1.8189892e-12, 0.9932491, 0.116000086, 9.999999e-05, -0.11599997, 0.9932491, -1.3733163e-05, -1.0457289, 0.13733163)
bind/3/name = &"spine_02"
bind/3/bone = -1
bind/3/pose = Transform3D(1, 9.094845e-13, 4.3172867e-15, 9.094845e-13, 0.9999888, 0.004746907, -4.3171715e-15, -0.0047467803, 0.99998873, -1.0588119e-12, -1.164176, 0.0078261765)
bind/4/name = &"spine_03"
bind/4/bone = -1
bind/4/pose = Transform3D(1, 2.6604992e-21, 1.32888205e-20, 1.7827377e-12, 0.98054194, -0.19631004, 3.6131729e-13, 0.19631019, 0.9805419, 1.149614e-13, -1.2658211, -0.25169098)
bind/5/name = &"neck_01"
bind/5/bone = -1
bind/5/pose = Transform3D(1, -1.0110021e-27, 2.2024188e-27, 1.6549274e-12, 0.908821, 0.41718674, -7.5493024e-13, -0.41718668, 0.9088208, 1.1496141e-13, -1.3325704, 0.6563786)
bind/6/name = &"Head"
bind/6/bone = -1
bind/6/pose = Transform3D(1, 0, 0, 1.8187598e-12, 0.99983656, 0.018083783, -2.857738e-14, -0.018083693, 0.9998365, 1.1496141e-13, -1.5491496, 0.038920715)
bind/7/name = &"clavicle_l"
bind/7/bone = -1
bind/7/pose = Transform3D(0.48845562, -2.555995e-05, 0.87258875, 0.8725885, -0.00080893823, -0.48845553, 0.0007183739, 0.9999998, -0.00037255237, -0.028236603, -0.016594369, -1.4305148)
bind/8/name = &"upperarm_l"
bind/8/bone = -1
bind/8/pose = Transform3D(2.9818655e-06, -1.0000001, 0.00016057772, 0.99982476, -1.60876e-08, -0.018723376, 0.018723313, 0.00016088577, 0.9998247, 1.4181083, -0.15259011, 0.05122389)
bind/9/name = &"lowerarm_l"
bind/9/bone = -1
bind/9/pose = Transform3D(1.0454723e-07, -1.0000001, -3.6184977e-06, 0.99958295, 2.2447491e-08, 0.02888032, -0.02888039, -3.3403971e-06, 0.9995829, 1.4180999, -0.3900384, 0.07009846)
bind/10/name = &"hand_l"
bind/10/bone = -1
bind/10/pose = Transform3D(1.4441807e-08, -1.0000001, 9.098484e-07, 0.9998741, 9.91497e-09, -0.015870817, 0.015870748, 1.1902982e-06, 0.99987406, 1.4181001, -0.64183825, 0.041417103)
bind/11/name = &"index_01_l"
bind/11/bone = -1
bind/11/pose = Transform3D(-0.025228586, 6.9595344e-06, -0.9996817, 0.99968183, 1.3587513e-08, -0.025228657, -1.762716e-07, -1.0000001, -7.2378084e-06, 0.0016098529, -0.73009163, 1.4139001)
bind/12/name = &"index_02_l"
bind/12/bone = -1
bind/12/pose = Transform3D(-0.029507495, 7.2399807e-06, -0.9995646, 0.99956465, 6.0029364e-09, -0.029507566, -2.2190895e-07, -1.0000001, -7.517151e-06, 0.0048703337, -0.7617878, 1.4139001)
bind/13/name = &"index_03_l"
bind/13/bone = -1
bind/13/pose = Transform3D(-0.029773949, 7.2399807e-06, -0.9995567, 0.9995567, 5.9282157e-09, -0.029774018, -2.2391278e-07, -1.0000001, -7.5170933e-06, 0.0050806305, -0.78889817, 1.4139003)
bind/14/name = &"index_04_leaf_l"
bind/14/bone = -1
bind/14/pose = Transform3D(0.029773932, 6.357375e-08, 0.9995567, 0.9995567, 5.9281855e-09, -0.029774, 6.4571988e-09, 1.0000001, 2.167779e-07, -0.005090942, -0.8124086, -1.4139001)
bind/15/name = &"middle_01_l"
bind/15/bone = -1
bind/15/pose = Transform3D(-0.038433034, 6.959473e-06, -0.99926114, 0.9992613, 1.2094009e-09, -0.03843311, -2.8016422e-07, -1.0000001, -7.234573e-06, -0.014314733, -0.7286883, 1.4162002)
bind/16/name = &"middle_02_l"
bind/16/bone = -1
bind/16/pose = Transform3D(-0.03070228, 7.2399803e-06, -0.9995285, 0.9995287, 5.2898925e-09, -0.030702356, -2.3089557e-07, -1.0000001, -7.516924e-06, -0.020233115, -0.7649817, 1.4162)
bind/17/name = &"middle_03_l"
bind/17/bone = -1
bind/17/pose = Transform3D(-0.037136495, 7.2399807e-06, -0.9993102, 0.9993103, 3.4840193e-09, -0.03713657, -2.7928496e-07, -1.0000001, -7.5153102e-06, -0.015119111, -0.79440916, 1.4162002)
bind/18/name = &"middle_04_leaf_l"
bind/18/bone = -1
bind/18/pose = Transform3D(0.037136532, 6.357321e-08, 0.9993102, 0.9993103, 3.4840486e-09, -0.037136607, 8.056586e-09, 1.0000001, 2.1679534e-07, 0.015108738, -0.8240296, -1.4162003)
bind/19/name = &"pinky_01_l"
bind/19/bone = -1
bind/19/pose = Transform3D(-0.045407686, 6.959609e-06, -0.9989686, 0.99896884, -6.102883e-09, -0.04540776, -3.3328433e-07, -1.0000002, -7.2323696e-06, -0.054358277, -0.71370417, 1.4142998)
bind/20/name = &"pinky_02_l"
bind/20/bone = -1
bind/20/pose = Transform3D(-0.04881391, 7.2399803e-06, -0.99880797, 0.9988082, -2.5237072e-09, -0.048813984, -3.6710048e-07, -1.0000002, -7.511443e-06, -0.05181949, -0.74471706, 1.4142997)
bind/21/name = &"pinky_03_l"
bind/21/bone = -1
bind/21/pose = Transform3D(-0.043022327, 7.239981e-06, -0.9990743, 0.9990744, -8.9781393e-10, -0.0430224, -3.2354586e-07, -1.0000002, -7.513456e-06, -0.056290653, -0.7710355, 1.4142998)
bind/22/name = &"pinky_04_leaf_l"
bind/22/bone = -1
bind/22/pose = Transform3D(0.043022346, 6.357347e-08, 0.9990743, 0.9990744, -8.9785424e-10, -0.04302242, 9.330064e-09, 1.0000002, 2.1666375e-07, 0.056280307, -0.7919548, -1.4143002)
bind/23/name = &"ring_01_l"
bind/23/bone = -1
bind/23/pose = Transform3D(-0.008571293, 6.95972e-06, -0.9999633, 0.9999635, 1.2195076e-08, -0.008571363, -6.193257e-08, -1.0000002, -7.2397165e-06, -0.060524948, -0.72184545, 1.4158998)
bind/24/name = &"ring_02_l"
bind/24/bone = -1
bind/24/pose = Transform3D(-0.00362322, 7.2399803e-06, -0.99999344, 0.9999936, 1.3458277e-08, -0.0036232907, -2.724726e-08, -1.0000002, -7.5201287e-06, -0.06426958, -0.756538, 1.4158998)
bind/25/name = &"ring_03_l"
bind/25/bone = -1
bind/25/pose = Transform3D(-0.010600031, 7.2399794e-06, -0.9999438, 0.999944, 1.1503015e-08, -0.0106001, -7.971504e-08, -1.0000002, -7.5198423e-06, -0.058797136, -0.7845674, 1.4158999)
bind/26/name = &"ring_04_leaf_l"
bind/26/bone = -1
bind/26/pose = Transform3D(0.010600086, 6.357505e-08, 0.9999438, 0.999944, 1.1502996e-08, -0.010600155, 2.2971565e-09, 1.0000002, 2.1669953e-07, 0.058786742, -0.81286895, -1.4159002)
bind/27/name = &"thumb_01_l"
bind/27/bone = -1
bind/27/pose = Transform3D(0.51520634, 0.8569971, 0.010890555, 0.79562056, -0.4829555, 0.36570585, 0.31866866, -0.1797496, -0.9306666, -1.5355645, 0.17978603, 0.029469319)
bind/28/name = &"thumb_02_l"
bind/28/bone = -1
bind/28/pose = Transform3D(0.5143701, 0.8574989, 0.010922071, 0.79729605, -0.4828701, 0.36215255, 0.31581953, -0.17757265, -0.93205464, -1.5357041, 0.14269814, 0.028330784)
bind/29/name = &"thumb_03_l"
bind/29/bone = -1
bind/29/pose = Transform3D(0.5147382, 0.8572741, 0.011215011, 0.7962222, -0.48284927, 0.36453488, 0.3179217, -0.17871074, -0.931122, -1.535653, 0.10778567, 0.028427705)
bind/30/name = &"thumb_04_leaf_l"
bind/30/bone = -1
bind/30/pose = Transform3D(0.002352326, 0.6049996, 0.79622245, 0.7962221, -0.48284957, 0.36453468, 0.6049994, 0.63311267, -0.48284987, -0.8361671, 0.07651352, -1.2883567)
bind/31/name = &"clavicle_r"
bind/31/bone = -1
bind/31/pose = Transform3D(0.48845562, 2.555995e-05, -0.87258875, -0.8725885, -0.00080893823, -0.48845553, -0.0007183739, 0.9999998, -0.00037255237, 0.028236603, -0.016594369, -1.4305148)
bind/32/name = &"upperarm_r"
bind/32/bone = -1
bind/32/pose = Transform3D(2.9818655e-06, 1.0000001, -0.00016057772, -0.99982476, -1.60876e-08, -0.018723376, -0.018723313, 0.00016088577, 0.9998247, -1.4181083, -0.15259011, 0.05122389)
bind/33/name = &"lowerarm_r"
bind/33/bone = -1
bind/33/pose = Transform3D(1.0454723e-07, 1.0000001, 3.6184977e-06, -0.99958295, 2.2447491e-08, 0.02888032, 0.02888039, -3.3403971e-06, 0.9995829, -1.4180999, -0.3900384, 0.07009846)
bind/34/name = &"hand_r"
bind/34/bone = -1
bind/34/pose = Transform3D(1.4441807e-08, 1.0000001, -9.098484e-07, -0.9998741, 9.91497e-09, -0.015870817, -0.015870748, 1.1902982e-06, 0.99987406, -1.4181001, -0.64183825, 0.041417103)
bind/35/name = &"index_01_r"
bind/35/bone = -1
bind/35/pose = Transform3D(-0.025228586, -6.9595344e-06, 0.9996817, -0.99968183, 1.3587513e-08, -0.025228657, 1.762716e-07, -1.0000001, -7.2378084e-06, -0.0016098529, -0.73009163, 1.4139001)
bind/36/name = &"index_02_r"
bind/36/bone = -1
bind/36/pose = Transform3D(-0.029507495, -7.2399807e-06, 0.9995646, -0.99956465, 6.0029364e-09, -0.029507566, 2.2190895e-07, -1.0000001, -7.517151e-06, -0.0048703337, -0.7617878, 1.4139001)
bind/37/name = &"index_03_r"
bind/37/bone = -1
bind/37/pose = Transform3D(-0.029773949, -7.2399807e-06, 0.9995567, -0.9995567, 5.9282157e-09, -0.029774018, 2.2391278e-07, -1.0000001, -7.5170933e-06, -0.0050806305, -0.78889817, 1.4139003)
bind/38/name = &"index_04_leaf_r"
bind/38/bone = -1
bind/38/pose = Transform3D(0.029773932, -6.357375e-08, -0.9995567, -0.9995567, 5.9281855e-09, -0.029774, -6.4571988e-09, 1.0000001, 2.167779e-07, 0.005090942, -0.8124086, -1.4139001)
bind/39/name = &"middle_01_r"
bind/39/bone = -1
bind/39/pose = Transform3D(-0.038433034, -6.959473e-06, 0.99926114, -0.9992613, 1.2094009e-09, -0.03843311, 2.8016422e-07, -1.0000001, -7.234573e-06, 0.014314733, -0.7286883, 1.4162002)
bind/40/name = &"middle_02_r"
bind/40/bone = -1
bind/40/pose = Transform3D(-0.03070228, -7.2399803e-06, 0.9995285, -0.9995287, 5.2898925e-09, -0.030702356, 2.3089557e-07, -1.0000001, -7.516924e-06, 0.020233115, -0.7649817, 1.4162)
bind/41/name = &"middle_03_r"
bind/41/bone = -1
bind/41/pose = Transform3D(-0.037136495, -7.2399807e-06, 0.9993102, -0.9993103, 3.4840193e-09, -0.03713657, 2.7928496e-07, -1.0000001, -7.5153102e-06, 0.015119111, -0.79440916, 1.4162002)
bind/42/name = &"middle_04_leaf_r"
bind/42/bone = -1
bind/42/pose = Transform3D(0.037136532, -6.357321e-08, -0.9993102, -0.9993103, 3.4840486e-09, -0.037136607, -8.056586e-09, 1.0000001, 2.1679534e-07, -0.015108738, -0.8240296, -1.4162003)
bind/43/name = &"pinky_01_r"
bind/43/bone = -1
bind/43/pose = Transform3D(-0.045407686, -6.959609e-06, 0.9989686, -0.99896884, -6.102883e-09, -0.04540776, 3.3328433e-07, -1.0000002, -7.2323696e-06, 0.054358277, -0.71370417, 1.4142998)
bind/44/name = &"pinky_02_r"
bind/44/bone = -1
bind/44/pose = Transform3D(-0.04881391, -7.2399803e-06, 0.99880797, -0.9988082, -2.5237072e-09, -0.048813984, 3.6710048e-07, -1.0000002, -7.511443e-06, 0.05181949, -0.74471706, 1.4142997)
bind/45/name = &"pinky_03_r"
bind/45/bone = -1
bind/45/pose = Transform3D(-0.043022327, -7.239981e-06, 0.9990743, -0.9990744, -8.9781393e-10, -0.0430224, 3.2354586e-07, -1.0000002, -7.513456e-06, 0.056290653, -0.7710355, 1.4142998)
bind/46/name = &"pinky_04_leaf_r"
bind/46/bone = -1
bind/46/pose = Transform3D(0.043022346, -6.357347e-08, -0.9990743, -0.9990744, -8.9785424e-10, -0.04302242, -9.330064e-09, 1.0000002, 2.1666375e-07, -0.056280307, -0.7919548, -1.4143002)
bind/47/name = &"ring_01_r"
bind/47/bone = -1
bind/47/pose = Transform3D(-0.008571293, -6.95972e-06, 0.9999633, -0.9999635, 1.2195076e-08, -0.008571363, 6.193257e-08, -1.0000002, -7.2397165e-06, 0.060524948, -0.72184545, 1.4158998)
bind/48/name = &"ring_02_r"
bind/48/bone = -1
bind/48/pose = Transform3D(-0.00362322, -7.2399803e-06, 0.99999344, -0.9999936, 1.3458277e-08, -0.0036232907, 2.724726e-08, -1.0000002, -7.5201287e-06, 0.06426958, -0.756538, 1.4158998)
bind/49/name = &"ring_03_r"
bind/49/bone = -1
bind/49/pose = Transform3D(-0.010600031, -7.2399794e-06, 0.9999438, -0.999944, 1.1503015e-08, -0.0106001, 7.971504e-08, -1.0000002, -7.5198423e-06, 0.058797136, -0.7845674, 1.4158999)
bind/50/name = &"ring_04_leaf_r"
bind/50/bone = -1
bind/50/pose = Transform3D(0.010600086, -6.357505e-08, -0.9999438, -0.999944, 1.1502996e-08, -0.010600155, -2.2971565e-09, 1.0000002, 2.1669953e-07, -0.058786742, -0.81286895, -1.4159002)
bind/51/name = &"thumb_01_r"
bind/51/bone = -1
bind/51/pose = Transform3D(0.51520634, -0.8569971, -0.010890555, -0.79562056, -0.4829555, 0.36570585, -0.31866866, -0.1797496, -0.9306666, 1.5355645, 0.17978603, 0.029469319)
bind/52/name = &"thumb_02_r"
bind/52/bone = -1
bind/52/pose = Transform3D(0.51437, -0.8574989, -0.01092213, -0.79729605, -0.48287013, 0.36215255, -0.31581953, -0.17757262, -0.93205464, 1.5357041, 0.14269815, 0.028330723)
bind/53/name = &"thumb_03_r"
bind/53/bone = -1
bind/53/pose = Transform3D(0.5147382, -0.8572741, -0.01121504, -0.7962222, -0.48284927, 0.3645349, -0.31792173, -0.17871073, -0.931122, 1.535653, 0.10778568, 0.028427685)
bind/54/name = &"thumb_04_leaf_r"
bind/54/bone = -1
bind/54/pose = Transform3D(0.0023523113, -0.60499966, -0.7962223, -0.7962221, -0.4828496, 0.36453477, -0.6049994, 0.63311255, -0.48284987, 0.83616716, 0.07651354, -1.2883565)
bind/55/name = &"thigh_l"
bind/55/bone = -1
bind/55/pose = Transform3D(1, 0, 0, 0, -0.9988675, 0.04757625, 0, -0.047576696, -0.99886614, -0.1114, 0.94549525, -0.006824114)
bind/56/name = &"calf_l"
bind/56/bone = -1
bind/56/pose = Transform3D(1, 0, 0, 0, -0.99549353, -0.09482947, 0, 0.09482923, -0.9954921, -0.1114, 0.5292272, -0.08285956)
bind/57/name = &"foot_l"
bind/57/bone = -1
bind/57/pose = Transform3D(1, 0, 0, 0, -0.37473974, 0.92712843, 0, -0.92712986, -0.37473962, -0.1114, 0.09741941, 0.03688046)
bind/58/name = &"ball_l"
bind/58/bone = -1
bind/58/pose = Transform3D(-1, 0.0003453811, 0, 1.602285e-12, 4.4703413e-07, 0.99999845, 0.00034538112, 0.9999999, 0, 0.11139489, -0.061799925, -0.014838506)
bind/59/name = &"ball_leaf_l"
bind/59/bone = -1
bind/59/pose = Transform3D(-1, 0, 0, 1.6022851e-12, 4.4703407e-07, 0.99999833, 0, 0.9999999, 0, 0.1114, -0.12989978, -0.01480003)
bind/60/name = &"thigh_r"
bind/60/bone = -1
bind/60/pose = Transform3D(1, 0, 0, 0, -0.9988675, 0.04757625, 0, -0.047576696, -0.99886614, 0.1114, 0.94549525, -0.006824114)
bind/61/name = &"calf_r"
bind/61/bone = -1
bind/61/pose = Transform3D(1, 0, 0, 0, -0.99549353, -0.09482947, 0, 0.09482923, -0.9954921, 0.1114, 0.5292272, -0.08285956)
bind/62/name = &"foot_r"
bind/62/bone = -1
bind/62/pose = Transform3D(1, 0, 0, 0, -0.37473974, 0.92712843, 0, -0.92712986, -0.37473962, 0.1114, 0.09741941, 0.03688046)
bind/63/name = &"ball_r"
bind/63/bone = -1
bind/63/pose = Transform3D(-1, 0.0003453811, 0, 1.602285e-12, 4.4703413e-07, 0.99999845, 0.00034538112, 0.9999999, 0, -0.11140511, -0.061799925, -0.014761555)
bind/64/name = &"ball_leaf_r"
bind/64/bone = -1
bind/64/pose = Transform3D(-1, 0, 0, 1.6022851e-12, 4.4703407e-07, 0.99999833, 0, 0.9999999, 0, -0.1114, -0.12989978, -0.01480003)
